18
17
184
109
9
146
135
125
27
15
186
126
90
148
101
62
168
26
177
96
89
71
114
185
16
64
37
133
87
123
140
1
113
192
120
66
56
60
190
5
61
44
145
97
21
187
144
183
84
131
132
73
150
111
193
196
85
105
8
11
122
108
189
68
12
153
174
136
33
46
163
117
128
143
104
43
138
178
3
152
20
157
160
10
161
50
47
121
81
99
63
77
179
155
130
172
103
88
124
74
6
112
34
49
24
194
119
82
2
19
36
156
57
180
171
200
59
197
14
53
170
94
107
159
137
79
175
158
25
32
141
173
78
176
149
83
58
76
28
100
86
72
165
30
195
98
116
181
13
48
151
80
23
93
52
127
42
7
198
110
22
129
154
134
199
41
35
39
142
95
54
102
51
115
70
167
188
55
38
191
31
92
147
29
67
166
65
40
69
75
162
118
45
139
106
164
169
91
4
182