1231
171
1255
855
1034
18
905
528
1407
843
1273
309
1913
975
1506
1327
1643
465
1500
1376
1318
891
1316
75
1434
1909
195
457
1328
673
720
1564
1393
819
1029
754
965
824
811
505
721
1801
1237
199
548
490
1193
410
14
1331
1727
767
1056
871
1712
64
50
1611
1614
1470
1544
1248
613
1110
1351
1904
1466
1219
1429
1345
1627
832
1828
1147
180
1416
641
1214
1914
253
1130
899
33
1285
486
1284
1579
532
1137
710
845
1456
634
390
452
808
834
1928
555
461
751
166
1776
839
1702
293
1132
861
313
963
539
916
321
86
831
20
1363
504
1303
867
1077
533
851
445
1902
1166
1394
1154
1753
654
52
1258
513
1650
1292
1460
590
1203
1455
130
1105
879
1821
763
1169
407
564
582
113
732
1985
1717
1975
360
778
334
676
1035
1286
470
1022
1977
1529
409
1215
1519
804
60
1131
584
1836
1176
1541
471
939
1491
74
525
1013
695
217
1831
1792
781
1584
1873
77
58
1817
1320
620
517
914
1587
287
1106
610
294
173
1044
380
288
865
1398
962
827
1877
672
1621
1342
1211
786
1524
1875
1275
1187
1962
1123
872
1046
1069
100
225
1739
1421
174
263
1060
918
1308
397
1761
492
1682
761
1396
1392
1991
1174
402
47
1340
666
779
147
694
1996
1502
1898
1829
678
776
1217
431
1844
574
1718
826
570
1420
62
1288
902
991
235
1832
881
266
1175
1748
1475
1336
325
947
1274
104
1674
713
1397
1741
1272
1239
1868
1952
424
442
783
1839
847
1816
1067
24
1947
1140
1325
913
1542
202
907
1661
1964
1025
1484
1778
1109
1033
343
817
1663
1380
521
1693
1856
880
188
434
830
1700
247
365
773
809
1487
1787
1995
1165
874
1980
1152
592
1155
81
576
635
1662
749
1825
859
1068
1051
731
6
563
459
699
1083
1082
1145
1161
1651
1142
522
193
1930
956
426
509
1112
709
1667
1383
1589
21
554
1070
254
759
464
1521
1644
1826
1430
1432
1264
1059
159
412
702
936
648
223
1450
957
636
971
1462
1888
456
1446
660
326
381
154
59
1528
1890
1919
1469
1545
1720
1765
1538
106
1986
1963
229
1860
494
1443
603
1111
995
1983
298
739
1423
1323
124
894
728
869
40
1133
1547
1891
1851
1664
535
54
1507
1738
1510
1403
1639
1580
1747
1652
207
57
1555
362
398
443
748
1098
631
1085
1370
722
1807
99
1984
143
1332
716
1452
427
860
1459
780
158
630
1267
669
1173
787
237
1736
375
1201
1703
148
659
1525
1966
1827
1319
453
210
988
1808
172
1492
1100
1701
1313
715
893
1240
37
1782
501
1052
405
493
414
1758
1949
1019
94
216
1055
519
137
953
1404
1894
1058
949
11
1372
303
1222
300
1172
1333
240
1754
273
990
29
23
1597
1181
1563
1079
1810
888
269
236
1076
1756
1435
643
251
476
415
1399
87
1444
1706
1917
1568
514
1312
446
1205
1490
1687
1535
97
1943
1872
1724
658
467
258
1453
115
475
639
917
542
1010
1287
1757
1229
538
1523
1075
598
621
1830
1094
1794
725
820
790
1843
1697
1526
1192
1321
838
1759
1095
310
1080
399
1609
1277
788
403
1326
1970
645
981
579
1338
1818
892
353
1012
1041
1921
345
950
1236
868
469
36
69
206
1763
1379
1659
901
189
1224
704
1073
1104
348
1927
42
683
644
1294
1653
1049
1151
1854
1918
1685
108
1410
887
1939
327
3
1503
1119
1617
1415
743
536
746
411
1967
733
1581
1048
1859
1390
177
477
1474
1796
612
712
1672
930
1779
406
663
369
1335
257
1241
857
1865
1497
822
818
770
1819
841
1414
793
1771
1207
292
1135
909
85
1092
1281
1374
201
1532
1185
1588
436
979
364
379
1047
777
1461
227
1684
1567
1431
750
140
498
332
485
1317
484
1408
386
1448
1658
83
1150
1107
1253
849
753
588
127
1413
1276
1730
1271
1352
473
1578
181
1167
685
511
1017
595
1114
466
278
1802
531
109
1835
854
1698
450
497
682
848
344
1629
296
656
1793
1576
557
394
828
136
1071
1695
1755
1971
655
1723
925
943
665
1261
1291
421
1804
1036
1884
801
487
1849
1001
1880
120
1638
187
529
1744
1368
458
416
1441
852
483
480
396
908
76
90
540
373
1719
941
9
248
1608
994
228
359
1901
118
1655
1691
1126
1845
876
1592
813
341
1418
986
760
1803
48
560
1933
221
5
1665
1596
455
803
741
1249
1920
1086
724
1096
1968
1495
277
367
1447
1212
1641
200
837
577
1021
1015
1425
1391
512
372
765
371
170
1089
1768
1618
910
1458
1042
255
1530
742
735
1867
1853
463
423
1689
284
1208
349
580
745
628
896
1942
619
1186
996
222
617
1543
299
615
1940
1946
929
1170
1594
1866
1386
1775
1956
1822
152
1561
1957
215
489
167
354
771
1734
1974
1630
602
1713
1124
983
1233
261
1960
1708
600
1814
1635
214
684
1645
1039
1488
72
601
1366
1322
1766
191
139
1422
1569
836
1892
192
1908
1675
13
233
1625
875
523
1406
488
318
679
1009
275
568
711
955
212
982
252
762
1307
561
1197
79
575
985
1088
1356
1637
16
1371
116
1601
611
1298
1680
1464
1554
802
1707
1144
1806
503
1559
1028
1633
1136
374
129
352
883
157
499
323
1869
642
15
439
256
241
688
366
796
91
677
357
1855
1206
705
1465
1556
134
1419
25
1125
1546
1385
1760
311
1093
1467
701
12
692
472
392
418
338
608
571
1457
243
1742
565
1841
1937
53
1158
391
1182
1626
774
182
103
661
184
358
1305
911
239
329
183
825
73
935
1743
419
1620
1590
1138
1910
840
1191
726
794
1709
1003
647
1979
1557
567
544
1350
1660
324
997
1375
270
161
846
302
378
117
1199
267
1705
377
1577
462
614
1122
959
350
1882
912
1799
142
88
1982
1936
112
864
691
1194
1722
232
1857
987
1218
1268
546
633
1887
1997
1200
1813
1893
937
624
1686
1846
55
719
1895
1575
1118
1840
1513
491
1749
878
107
559
723
1948
1449
844
1553
56
1879
510
1767
1426
481
1509
698
1648
1227
1348
1870
197
1473
1486
432
7
1134
806
1454
1987
932
1023
1183
1204
769
1278
1230
1153
89
607
356
80
1812
900
308
1728
1468
599
404
286
1517
1238
1938
1922
1026
942
1245
1354
495
194
1341
30
618
1536
1811
1993
101
330
208
789
1871
581
274
693
1896
1929
249
740
764
1548
297
970
1783
26
1955
933
1677
1149
1692
958
179
1613
1670
1770
1477
155
626
1501
1128
1954
1881
1346
1636
757
687
1572
417
1699
1087
1508
265
1777
176
1512
422
1482
998
1976
1062
1721
1520
729
306
629
438
1032
1357
1735
1733
1364
543
1252
1615
1213
1988
1045
204
650
68
1387
285
447
1301
632
768
1481
1008
556
1265
250
524
862
290
1945
500
1002
638
17
924
706
775
948
980
1108
259
662
1177
1583
230
67
1143
388
1679
149
1585
1732
1603
1591
606
1438
268
280
797
730
1324
1764
135
1824
1762
141
45
1876
1552
479
967
1040
304
1156
507
244
553
44
984
1574
1078
342
1786
1216
1965
211
1690
1411
70
792
1903
863
923
922
1349
1531
133
114
164
951
604
1283
1780
1774
1751
1296
884
1081
1493
1599
1228
552
441
1476
1711
1209
95
1704
1116
573
1329
652
1785
1382
291
71
474
597
976
1018
821
1050
527
10
1360
999
1297
1999
168
65
1504
1289
1646
1129
393
747
196
814
1622
307
61
989
569
708
264
1516
1189
885
689
1570
246
609
295
714
1604
1560
964
594
1773
537
1451
920
1607
516
28
1409
1014
1805
755
758
1862
271
637
1037
686
370
1632
961
1837
32
1480
1973
1066
1595
1905
169
1746
1063
1494
1998
382
78
1437
668
518
1726
681
784
449
798
1378
1315
664
1499
906
944
1924
1178
1823
92
873
866
1334
125
1127
234
670
1355
361
816
1004
591
717
1006
1280
1235
812
1911
31
545
992
260
1833
541
376
22
1562
63
1809
1953
460
1417
1906
1797
506
1279
583
502
1263
1540
128
1549
671
1234
1400
400
1558
835
496
468
319
1731
1886
1293
1031
27
1141
1961
697
919
1623
718
151
707
1550
1897
1000
882
333
413
805
1061
425
1628
1091
281
558
1310
1242
205
823
1463
1925
534
1934
1789
213
1358
385
317
1427
1300
1053
1057
1102
915
744
649
1190
162
700
1571
1250
1551
347
454
897
435
226
960
1907
1389
674
1671
178
1931
756
1642
586
766
220
1624
1941
1445
810
1586
886
1969
1164
1256
1676
1027
395
1163
316
1074
1402
625
1752
1433
853
1259
1593
550
800
1113
331
328
898
123
282
1515
98
945
616
1668
952
1168
1916
1442
653
420
1381
977
1874
186
433
283
926
815
1254
437
1847
1344
102
1848
973
1791
1858
829
110
934
389
335
301
1471
305
1619
651
1769
1011
153
1772
889
430
1981
1631
93
355
549
791
1745
1485
589
842
1005
1184
35
1198
1472
1232
429
1439
218
782
1899
384
1784
675
1179
1912
1864
1657
895
156
1343
1514
1103
850
8
1428
921
1148
1373
315
408
1900
1099
231
320
1573
1377
387
795
1522
1950
126
1347
1883
276
1226
1157
1600
1401
1716
627
772
1533
1640
1681
1815
734
132
245
1885
451
1483
1972
657
1395
1302
1295
242
1714
1932
336
587
1362
1489
337
1220
1820
799
1120
1065
351
515
1923
1688
596
138
1007
1188
2000
696
1678
144
1309
703
508
969
1518
1054
34
238
1478
1958
368
1944
66
833
339
928
940
111
1369
1359
1994
1683
1195
38
1694
1795
1649
448
1243
1798
1566
1311
82
146
1225
1424
1710
1926
1537
1951
19
1436
877
1534
1221
1440
1602
322
623
1673
190
1330
727
1246
1247
738
1505
363
2
198
927
1269
954
224
1889
1257
785
1750
858
203
968
1598
1121
1959
1365
870
1262
526
1038
1290
1634
1850
1992
314
622
1800
530
383
1101
1729
1020
41
1299
279
974
1498
1064
1582
551
121
1024
1314
1654
1669
1260
49
1139
428
1115
1861
131
1084
1616
572
209
1666
585
1605
1388
1171
440
1282
978
1715
752
478
566
593
1788
1565
96
1304
690
1016
84
185
340
1725
1353
1740
1223
578
1781
51
667
482
1072
444
4
931
1030
1990
1790
680
737
890
520
1160
145
1511
163
1527
289
562
1210
1361
1838
993
1834
972
1244
1162
946
547
1
1479
938
1159
1539
903
160
1989
605
1915
736
1384
165
1978
43
807
1146
401
1270
966
904
46
1656
1852
856
640
1043
150
1117
272
1737
1251
1412
1090
346
1496
1367
39
1610
1612
1878
1842
1202
105
1266
1405
1180
122
219
1647
1306
262
1196
1337
175
1863
1606
646
312
1339
1696
1935
119
1097